objects:
  eraser:
    orientation:
      w: -0.46747512753403814
      x: -0.49435225372873687
      y: 0.5123907982295052
      z: 0.5239642840703079
    position:
      x: 7.224668518789266
      y: 1.8514456758719264
      z: 0.12608507167391614
  whiteboard:
    orientation:
      w: -0.0348025781366271
      x: -0.07582453387031761
      y: 0.7644463719460928
      z: 0.6392661928548937
    position:
      x: 9.14275249613578
      y: -2.40524637124765
      z: 0.05346913116174942
